3001 1111
0 1020 72 972
1 2142 2026 854 338
2 350 2584 2475
3 2856 2214 1004
4 184 1467 2773 2775
5
6 88 2673 2723 240 1736 1431
7 2521 2636 1239 168 1607
8 931
9 2863 2515 69
10 249 583
11 2974 1570 2836
12 675 2333 1498
13 33 2651 802 1683
14 1674
15 737 317 1827 2142 109
16 989 69 781 2194 1429
17 1055 753
18 1465 2215
19 1035 80 2130
20 2869
21 797 1449
22 350 1497 1185
23 882 2335
24 205 2527 1060 1465
25 194 1254 1433 1531
26 2048 262
27 55 1302 1181 2139 494 1152 450 1070
28 1691 520
29 2318
30 1083 577 2011 1787
31 2616 477 2825
32 1533 1729 688 1235
33 2163 2146 2050 2962 455 256
34 1793 4 1111 2578
35 457 583 373 701 254 615
36 393 1827
37 1474 1382
38 2143 2286 107 1765
39 99 1498 2614 1424 1821 1281
40 2405 803 2941 2206 1892 1245
41 2095 33 2159 707
42 2058 908 2130 2691
43 838
44 582 2184
45 762
46 2341
47 926 214
48 1939 1986 2908
49 38 76
50 651 1133
51 302 2042
52 651 809 908
53 1353 2732 1269 1193 2918 110
54 1317 2199
55 816 2570
56 1322 245 2002 2213 1113 2005
57 2197 2610 2532 2721
58 2095 2111 1992
59 1939 2896
60 1732 574
61
62 833 2722 1894
63 568 2109 31 1973 1046 1678 1356
64 705 2800 186
65 1470
66 1498 1972 1477
67 230 1671
68 866 25 2221
69 2130 1429 2954 1217 1021
70 1128
71 1446 692 2589 1944 2002 1812 1369
72 2328 2126 338
73 98 1291 10
74 1839 768
75 1018 217 1753
76 635 1570 2466 2795 702 604
77 855 647 2467 239 1596
78 2390 2032 2785 2954
79 1110 646 2289 1258
80 2954 373 833 2686
81 541 1965 2268
82 2301
83 2206 2955 710 1136 152 1464
84 1731 1855 42 22
85 2823
86 212 126 862
87 2114 1511 1433 2605 989 191
88 182 2259 2566
89 1693 2689 671
90 1270 760 778
91 1943 700 2311 864
92 2556 2031
93 2009
94 1934 1223 2600
95 2803 1882 1605 2035 2334 481
96 2206 211 138 359 2124
97 763 1746 467
98
99 294 1100
100 309 2282
101 1463 1568
102 1550 1762 1862
103 2398
104 1137 2349
105 2491 2810 2996
106 854 12 1723 214
107 246 2872 2863 455
108 2495 2489 942 806
109 1922 2422 2421
110
111 1020 1032 201
112 1729 1343 1856 1034
113 2872 2988 2560 1325 2614
114 2295 1173 809 1565 936
115 587 1365 1032 2935
116 1965 1414 2612
117 2002 140 936
118 789 960
119 2206 19
120 665 2934
121 2316 1029 217
122 1188 1633 1750
123 629 2445 470 2023 524 2067
124 1366 278 2373
125 1397 329 1395
126 1531 2853 2814 1748
127 1556 2560
128 768 2408 1153
129 2523 627 273
130 607 896 119
131 1695 556 2305 2153
132 568 2837
133 2254 40 2511 1167 320 1018 564
134 878 114 2931 128
135 2198 152 1893
136 1064 1429 1370 2677 2025
137 157 799 1245
138 1188 1294 516 2529 2342
139 1750 2089 2221 2610 1958
140 197
141 2977 2350
142 266 570 328 8
143 2721 527 209
144 2887 357 1909
145 425 1654 1222 567 908
146 373
147 999 2526
148 2577 1302 965 385
149 712 1541
150 1607 1257 2108 2773 1631 2156 2806
151 2042 1429
152 455
153
154 1492 456
155 2146 1900 1291 1034
156 2238 598 222 1511 1056
157 2230 242
158 1198 587 2778
159 1823 2563 1166 2194 851
160 960 1077 583 1919 2592
161 2324 1671 1958 1362 896
162 2737 2994 363
163 2435 1040
164 2268 2767 1263
165 2865 1292 1606
166 117 335 581 115
167 2549 1494 307 212 820 160
168
169 312 212 155 2232 1311
170 1849 22
171 2141 937 317 2305 2944
172 2475 2694 958
173 1574 1419
174 1031 2962
175 1483
176 2190
177 872 2317 168 2656
178 2628 872 2897
179 580 1468
180 609 2241 306
181 620 1511
182 19
183 2395 2610 1728 921
184 991 2556 338 1328
185 2494 854
186 2553 2590 1111 253
187 1909 1814
188 168
189 1099 908 896 2491 221 1032 1895
190 1853 804 1451 2962
191 217 1042 113 150
192 445
193 1749 1061 113
194 1796 646 1099 24 1246 1683
195 1384 83
196 1734
197 1365
198 2802 1452 1569 106
199 710
200 2716 954 428 794
201 1591 2389 498 1429
202
203 957 783
204 882 84 2021 2944 1294 2921 1895 2319
205 601 2588 2206
206 1812 271 246 465 1793 411 2605
207 2556 2327 756 2614
208 2927 936 710
209 751 438 2882
210 1112 2610 2721 2078
211 1134 1840 1678 2286 1633
212 1757 1550 1112 862
213 2999 1734
214 2058 2335 1183
215 1004 2475
216 308 1336
217 1077 2142
218 917 2422 2894 916 2975
219 2533 240 558 1494
220 2821
221 1726
222 455 2850 2822
223 513 2731 2665
224 2723 1339
225 1136 349 2866 382
226 1133 1556 2608
227 2142 927
228 816 1995 365
229 256
230 1757 387
231 280 2466 1580
232 2236 188 302
233 1522
234 1271 2507 983 1017 1539 353 1340
235 1332 1752 861 1811 396 1081 192
236 397 844 2326 534 2228
237 270 2046 2089 2549
238 972
239 2057 855
240 1623 2568
241 1186 1465
242 1032 266 292 1556 670 2491 1796
243 2464 117 1626 2673 1726 574 1635
244 1430 2469
245 984 277 2672 2520 2697 677
246 2319 292 1060 812 1601
247 1525 2877 1834
248 2319 2235 1434 1298
249 2333 2863 2954 1726 2163 2491 2263
250 1811 2471 2440
251 2775 741 1680 1030
252 2878 2762 1380 2700 2828
253 2863 2577
254 2171 619
255 1136 2850 1801 1735 1134 816 69 1060 1556
256 398 1365 1060 1775 936 1731 1133 2962
257 862 2282 1093 1517
258 849 2338 1917 2616 1638
259 37 427 1561 2962 2769 1680
260 20
261 1062
262 2604 1032 1718
263 1874 1717
264 1151 135 2897 1910 151
265 363 2014 2491
266 2491 2944 2954
267 2839
268 348 1321 446
269 2487 2836 931
270 607 1465 1846 356
271 387 100 345
272 147 2082
273 2834
274 1735 1492 2558 2482 2051
275 2150 1618 2552 2419
276 656 4 584
277 1254 2577
278 2220 2973 2389
279 2106 1128 1028
280 1696 1183 2199
281 99
282 428 1936
283 2251 2521 1867 1785
284 707 2188 251 1058
285 1235 504 729
286 494 2001 2401
287 0 652
288 1504
289 2708 2230 2527 2931 253 1645 1963
290 982 2721 309
291 452 2954 2437 1897
292 2982
293 1083 318
294 2089 2568 2659 152
295
296 2339
297 1375 2224 1415
298 2977 71 552 2282
299 303 1461
300 703 1503 1692 2138 578 1513
301 2280 517
302 1748 197 1173 688
303 1510 382 2133
304 2061 1421
305 1342 791 563
306 242 476 1862 201 1210
307 2316 1219 2590
308 1606 1547 55 2894
309 1511 737
310 1678 1913
311 1429 1136 931 1130
312
313 1294 1279 1874
314 1531
315 1245 229 1239 2025 2074
316 260 889 78 1792
317 2982 2319 1099
318 2716 593 398 171 311
319 2401 41
320 1726 2834 396 2722 1671 751
321 1726 2834
322 2453 1444 0 340 184 307
323 1487 2754 1395 1565
324 431 1296 556 1401 2794
325 687 1058 19 1464 2988
326 1933 2543
327
328 2154 2523 1682 801 1519
329 1834 2373
330 273
331 373 2594
332 1793 2166 605
333 1885 2606
334 2893 307 325
335 2773
336 739 1201 598
337 2532 1817 658 2672
338 1246 2729 1130 936 1796
339 2871 416 458
340 1356 690
341 260 1412 2182 2318
342 2045 307
343 533 1042
344 1662 1454 1121
345 2552 186
346 2359 1655
347 2553 184 2489 838
348 601 2962
349 2543 498 1469 572 1185
350 2762 42 1035 751
351 1
352 2550 2089 820
353 2425 1840 117
354 1547 2822
355 591 1925 114 23 1327
356 350 1483 226 1197
357 1683 1257 1628 583
358 1996
359 1291 713 889 140 765 1462 213 2445
360 62 424 1140 2778
361 95 990
362 2368 983 2659 1339
363 746 2982
364 833 62 902
365 412 2182 2092 2108 2002 1746
366 78 678 2421 2364
367 1181 747
368 1570 338 906 604 986
369 932 197 2122
370 245 1714
371 732 373
372 653 711 1986
373 670 1136
374 418
375 949 858 583 1568
376 2450
377
378 1964 2236
379 98 668 1893
380 2241 564 538 1424
381 2842 1273
382 2030 751 1939 2967 149
383 176
384 1328 266 1134
385 924 622 1442 2296 384
386
387 737 1990 1463
388 2707 1901 1699 2527 1125
389 1384 229 1028 1
390 1369 1717 758
391 531 2170 1939
392 1466 2533 71 828
393 524 1819 1016 504
394 1929 848
395 66 2262 2952
396 152 246 2594 615 1550
397 2429 929 1084 1506
398 80 317 1032
399 1198 1446 257
400 2190 1728 1613 1294
401 2950 703 2338
402 614 2956 1197 982
403 2109 1619 55 405 1325
404 1188 1682 982 2004
405 317 33 2543 1035
406 1545 2401
407 987 1765 1591 217
408 532 1034
409 2339 42 1904
410 1503 504 1335 186 2681
411 1252 2456
412 1036 1499 1775 1382 1982
413 1542 2712 191 1302 1263 1197
414 2012 741 2042
415 2686 2903 1548 2590
416 2646 140
417 2038 2439 29
418 735
419 1538 1288 1944 2353
420 1531 785 737 1034 1511 2822
421 106 583 2850 2425
422 2983
423 366 2592
424 2749 2594 2031 2418 2026
425 2716 892
426 201 2588 604 1770
427 2759 2729 1502
428 66 2169 2412
429 710 4 1378
430 2495 848 24
431 1328 434 1550
432 2569 1948 1059
433 987 2592 66 2941 1155
434 2608 2556 1600 854 1726 2263 2039
435 994 1061 1491 896
436 2561 1911 1299 2159 47
437 1131 1193 2511 593 2974 804
438 2874 1444 2305
439 911
440 2489 2851 1607 638
441 987 2144 2381 1091 2659
442 2379 798 2137 1056 1997
443 653 2163 1836 194
444 196 652 873 467
445 1731 2392 1369
446 986 217 2808
447 172 1522 834
448 2637
449 588 2052
450 2954 2577 1987 1680 2877
451 1591 587 2050
452 1135 2620 2712 879 604 456 1089
453 126 456 485 704 1103 119 190 2862 1574 872
454 2464
455 1446
456 1789 951
457 2489 1036 960 1243
458 1340 1756 2744 249 1193
459 2574 2444 1477 538
460 1304 1574 531
461 1546 16 1071 2926
462 1 1452 345
463 951 2210
464 233 2511
465 1817
466 1941 384 2950 1294 2319 2263 2467
467 1580
468 1515 1300
469 1133
470 73
471 573 1467
472 282 2065 1186 1461 1897 1888
473 882 937 115 2143 1934 1133 1365
474 588 14 1952
475 1407 2565 951 2319 2360
476 1939 2319 692 1378
477 2767 197 2163 521 529 2374 593
478 124 1674 956 1068
479 1499 409 2057 2565
480 2009 2494 2212
481 805 2569 2244 2316
482 1784 2788 1912 1570 2713
483 2379
484 2848 1827 2577 389 1815
485 934 2340 2210 2432 2191 2694 2095
486 2967 936
487 656 2115 2607 1776 2482 290 1018 2954 2304
488 2600 2114 1669 1042
489 656 939
490 1713
491 1056 809 221 587
492 1641 1356 1005
493 2389 1987
494 767 1021 2794 112
495 1011 2444 682 654 2110
496 1766 1563 2825 2339 265
497 15 2659 1291 109
498 1217
499 356 786
500 257 739 2669
501 2977 2720 2439 805 2362 2788
502 331 2866
503 2612 1628 466 1502
504 155 779
505 2057 660 2503 843 476 2798
506 2814 1726 2762 1499
507 1936 1715 1024 520
508 1762
509 717 892 1904
510 2483 816 2644
511 2108 2863 35 2575
512 738 2421
513 1889 2215 1554 1028
514 1591 2790 1468 117
515 1671 1811 357 2513 254 969
516 2850 75 1219
517 944
518 2208 1703 1011 1815
519 1572 2031 896 2942 1081
520 140 212 1846
521 936 373
522 1660
523 184 358 1901 1023
524 2613 1987 1173 1328 2762
525 1529 703 1347 1894
526 500 2328 987 342 465
527 37 2220 2130 265
528 1251 1230 1808
529 1365 2126 638
530 2258 1762
531 1483 221 1515 2954
532 2782 1183 2025 2466 1990 1974 188
533 2944 1893 1936 197
534 944 1642
535 751 1911 1862 2333
536 311 2301
537 2131 2646 79 1580 1236 1645 1005
538 1495 1319 2307 147
539 2188 2158 2803
540 2391 833 388
541 2927 516
542 1323 1136 2877
543 1673 1061 1594
544 2417 1365 960 2181
545 2647 2290 2129
546 1436 1061 2180 1137 160
547 1655 1541
548 653
549 1121
550 2999 2721 657 357
551 2999
552 2992 160 1856 2026
553 2569 2944 36 2369 775 441 2958 1474 2734
554 1289 985
555 2689 2412
556 593
557 2754 648 2190
558 2634
559 451
560 656 2289 1254 2342 1638 2515 270
561 2163 1019 2092 1110
562 217 188 2614
563 682
564 88 2291 2527 155
565 1109 1192 805 278 261 882 284 1909
566
567 529 2944 184 363 1603 253 2065 1766
568 2001 107
569 749 2822
570 2078 703 1429 2950
571 122
572 1035 2682 1130
573 751 2171 2794
574
575 2795 1690
576 2319 516 606 2636 359
577 113 2051 130 2609
578 2501 2602
579 2788 1854 920
580 937 1023 2466 2943 897 1561
581 1561 2079 2016 1231 2130
582 2834 2744 1894
583 2967
584 1093 1895 12
585 150 843 2982 1291
586 1594 1715 2575 292 1133 2206
587 1136
588 435 84 2305 2959 2767
589 2585 706
590 1303 2027 127
591 2295 2100 1041 891
592 1437 2973 2549 483 2491 566
593 2024
594 1660 970
595 2599
596 226 648
597 767 1574 1047
598 2828 2445 1133 1294
599 2447 1865 2759 1672
600 2525 1527
601 2851
602 1155 2750
603 636 1690 965
604 1325 527 126 2089
605 2549 434 2340 1472 1267 1319 706 1528
606 4 2962 1780 1731 638
607 1569 1056
608 266 2982 1812 1941
609 570
610 1735 2808 10
611 2278 1476 2019 2651 1161 477
612 1606 217 373
613 1900 431 465 2319
614 623 2172
615 1018 936 670
616 2429 2268
617 881 2565 2291 2262 1731
618
619 353 2490 2762
620 2447 1088
621 823 400 2045 616 670
622
623 356 2782 2897
624 1201 2027 485 2459
625 1176
626
627 2921
628 2252
629 2274 1868 2251
630 883 1810
631 638 2869 1987 29 626
632 973 604
633 2831 999
634 1793 2924 2449 1402
635 2723 2170 1936
636 2143
637 1407 1284
638 828 574 692
639 1030
640 1047 586 2588 933
641 767 135 286 2243
642 908 931
643 1603
644 1195 2053 2095 2770
645 2479
646 2759
647 1978 71 2102
648 779 1036 2210 1370 2486
649 1339 1483 779 1318 1864 1756
650 2506 2335 1323 850
651 2872
652 1681 2803 2275
653 2962 1601 2319 2556
654 172 382 2445 2570
655 1608 2470
656 2797 2944 749 1911 692 2808
657 501 1145 2078
658 896 812
659 1946 1143 442
660 1059 393 2729 2640
661 1098 737
662 2236 1848 2425 988
663 2400 88
664 289 2201 1135 1578
665 1059
666 2818
667 758 1445
668 926 1073
669 1166 1170 2331
670 1035 2491 2319
671 1743 2186 2417
672 818 1161 377
673 369 149
674 2066 2974 226 146
675 2887 2556 812
676 434 2159
677 172 2190 246 1044 2608
678 2780 491 427 2694
679 1494 1183
680 2730 138 2137 2230 1765 2024 2529 2984 1738 2588
681 2518 813 2616 1291
682 2295 896 1757 1133
683 2019 2362
684 2943
685 1948 562 969 1452 1279
686 631 1332 354 682 539
687 2828 1603 562
688 115 2944 266 1021
689 526 1029
690 2026 182
691 1531 763 1526
692 1021 1446
693 2590 1729 2048 2824 446
694 1554 2320
695 1497 445 2885 1237
696 1783 2468
697 704 335
698 2677 629 1711 1994
699 2039
700 1303 2967 1475
701 1497 2282 384 2953
702 2256 1299
703 2012 1099
704 2994 2437
705 327 1317 756
706 2885 2435 1023 1287
707 2058 1982 2489 1382 1291
708 413 365 1511 126
709 1020 523
710
711 1655 226 2568 2886
712 2614 1378 1111 2775
713 573 182 2577
714 1571 1608 1994
715 2389 1812 2130 2842
716 843 1743 1695 2340 2540 1062 2073
717 1183 816 805 2190
718 2046 2444 2934 174
719
720 631 412 1847 1298 2439 2197 72 1659
721 710 483 1574 1493 1327 2513
722 507 798 2114 335
723 1604 1674
724 1031 1911 805 152
725 443 806
726 1153 197 1431
727 2635 987 2773
728 1084 2706 1429 302 2773 1217
729 1550 140
730 2266 196 2639 1511 436
731
732 2405 2220 1801
733 1170 1510 2604 1378
734 224 1379 1108
735 1163
736 2597 2780 179 1103
737 226 1792 2024 2305 140
738 2806 1435 552 149 751
739 2333 1840 1467 1148 583 2802 2122 493
740
741 80 2834 1683 2967
742 2194
743 603 1799 1029 2855 1172 1520
744 1378 80 1909 785 1598 2347 1025 728
745 1906 1331 2214 384 2335
746 908 2577
747 607 1898
748 2803 282 1476
749 2021 2527 19 2769
750 2396 46 2423
751 1563 1173 816 1982
752 2606
753 2379 2834 2953 1964 2286
754 979
755 150 2254 2363
756 2146 498 292
757 281 95 2182 882 1434 1758 978 1228 1726 1823
758 207
759 1131 937 1766
760 112 2587 1070 801 1744
761 650 768 2909 1318 2115 1319
762 2415 1684 1918 1722
763 317 155
764 1671 2964 2777 2511
765 1489 1762 991 2014 2735 2984
766 2589 2479 1388
767 638 214 2582 2146 2635
768 973 992 321 73
769 254 433 1846
770 2545 927 1322 2362
771 2923
772 2902 155 1667
773 1112 653 1511 1914 549
774 1119
775 1687 648
776 2387
777 12 2125 2968 1030 2642 2924
778 933 249 2853
779 692 2977 10
780 395 1470 2111 1429 2981 1047
781 2295 2520
782 523 1546
783 820 1893 1696
784 2871 1409 1904
785 1550 1628 37 1446
786 2552 504 1187 2156 427 2166 1984
787 2483 2571 2831 1735 1987
788 2286 2993 2289
789 1792 2026 1748
790 1238 2298 1556 731
791 1855 1618 2261 2254
792 2739 1978 2445
793 143 1894 1445 631 1976 1208 574 171
794 1128
795 407 320 639 47 2650
796 1295 1320 1 1660
797 1053 1000 2461 765 1998
798 1925
799 2561 1874 1979
800 1835 1393
801 2668 1380 732 1137
802 1467
803 2977 2374
804 2563 2267 1998 625
805 2582 2982 1680 23 2373 80
806 1792 717 2893
807 670 922 2907
808
809 373 2729 1446 2282 1032
810 1952 192
811 912 2805 2355 138 1306 470 616
812 2078 2050 115 2130
813 2944 2935 266 2130
814 1093 2977 2824 2089 174
815 2572 1573 1612
816 854 1035 115 2866 1382
817 1723
818 1705 1972 658 1070
819 412 667 310 1696
820 908 1499 1474
821 1018 1925 2057 1459 577
822 1245 1917 1925 654
823 450 737 835
824 1680 1801 805 2703 541
825 2514 1429
826 1107 1628 567 1853
827 835
828 2842 2319 2935 115 1032
829 1539 22 1734 1155 531
830 339 1111 1035 602
831 1098 653 327
832 542 1567 348 587
833 498 2556 1323 115
834 1647 936 1978
835 2286 1257 1819 1008
836 2484 1474
837 665 1333 681 1624
838 262 615 1556 1131
839 1753 2807 2326 511 981 1829 2667 2340
840 66 2795
841 712
842 1066 1125 382 530 40
843 1016 2491 214
844 2466 1446 353
845 1524 679 121
846 2684 1332
847 1510 481 2000 534 1590
848 1674 516 2007
849 2039 1946 2142 1343 896 2078
850 2142
851 2156 1499
852 1084 704 867 1503
853 1495 2051
854 1219
855 1161 1605 1388 2614 2304 2375
856 2901 470 1567 2487
857 1726 92 514 2737
858 2381 1927 2687 2724 2944
859 2039 746 2543 2613
860 1735 741
861 2156 40 1671 1526 937 385 1153
862 658 737 601 2141
863 1047 1631
864 2150
865 2862
866 1952 2669 1823 1307 463 1014
867 626 2158 318 2523
868 2607 2770
869 1910 1799
870 843
871 2006 1420
872 260
873 2386 1267 2847 2807
874 2450 2641 2989 191
875 2190 1506 80
876 164 1412 2007 1923
877 375 1346 259 995
878 1898 2112 1136 1669
879 841 1753
880 2124 1281 2983 357
881 1840 586 117 98 201 2057
882 1446 2058 1669
883 1347 1869 2212 351
884 1375
885 1102 1437
886 32 412 902 2596
887 1796 2686 2612 1084
888 2800 1237 547 2467
889 1422 2146 2596 2790
890 513 1624 1824 977
891 785 1917 2335
892 118 431 2188
893 580 1501 12 241 1871
894 2944 653 1031 1185
895 2039 2327 256
896 1032 1246 2026 2171 1099
897 1986
898 1433 2166 2362 2320
899 2411 458
900 384 2984 1111 1422 1631 2566 338 1464
901 1988 111
902 171 2328 654
903 2979 260 935 1719
904 2078 707 2231
905 2519 2839 1745 2997
906 2834 112 1555 59 2067
907 1914 1534 1642
908 1796 498 937 266 2026
909 343 2808
910
911 1894 1861 1812
912
913 880 2969 2570
914 2968 2273 2304 1879 1296 921
915 1603
916 2523 573 1136
917 524 2431 1898 2459
918 1087 2504 1333 2032
919 608 1009 2328 2008 2030 206
920 88 1446
921 2834
922 1714 2424 1302
923 2494 639
924 309
925 2079 1340 2722 1703 1640
926 249 2405
927 1205 880 2849 259 2754
928 2019 2188 160 2850 494 1605 2703
929 189
930 2467 2032
931 854 2295 2319
932 797 2006 1972 2507
933 1618 1422 2327 69
934 2983 1633
935 988 186 2503 1687 1977
936 2869 2967 828
937 2967 1556
938 1166 1712
939 1801 1330 1155 2972 117 2411 1937
940 2210 1936 1819 2042 1384 2772
941 2380 506
942 668 1531 897
943 2590 2282 2456 2221 2527 1467 1679
944 2291 168 2472
945 1985 1269 2981 312
946 1069
947 2445
948 2626 521
949 2927 1613 1753
950 6 1766
951 828 1 2042
952 479 259 1538 1192
953 2572 1417 2330 81 805
954 2273 263 865 2468 1606
955 2316 750
956 354 2935 1295 1062 933
957 1466 2351
958 2529
959 118 130 2286 1186 1669
960 1035 812 1016
961 1898 1167 2125 1848
962 1171 50 2484 1911 2131
963 689 1916 1277 2614 205
964 1780 2277 916 1571 2121 1108 824 2287 1704
965 1592 1972
966 1398 2693 2497 703
967 1835 1790 226 914
968 238 1204 1183 1629 234
969 71 2788 1531 1996 2927 1591
970 809 1294
971 2755 217 2252 2704
972 2694 1343
973
974 2933 575 285
975 575 2144
976 112 1924 1895 1188 1955
977 1748 2000 679
978 505 514 1166 2592 1811
979 769 411 1052
980 970 1785 897
981 1723 1031 1035 2896 338 2556 850
982 1561 574
983 2556 1765 494 926 1008
984 2407 1394 2568 741 2686
985 2402 2554 2057
986 2706 521
987 1550 117 1895 2032 799 2228
988 473 2348 2824
989 182 2116 1756 443 2589
990 201 1517 434 933
991 1432 688 2967 1035 542
992 2533
993 2786 1494 644
994 2228 844 2282
995 364 1869
996 2019 881 908
997 1765 1159 1351 1112
998 2722 1922 1432 763
999 382 2702 1604
1000 646 2483 1294 2556 2220
1001 551 614 2384
1002 2991 159 1915 158 1808
1003 587 1103 229 782
1004 508 1135 2133 769 707 828
1005 2228
1006 2962 2319
1007 2642 2095 385 1922 508
1008 217
1009 1605 50 833
1010 2286 711 246 2067 1536
1011 118 2440
1012 1260 2265 854 2300 1104 1667
1013 2365 2560 573 1817 639
1014 2291 1031 493 2469
1015 2349 1894 1713 1127 2952
1016 2729
1017 1531 937
1018 1016 2282 1446 670 2866 1422
1019 2896
1020 197 2935 2287 593 2026
1021 2935 2319
1022 987
1023 2836 1667
1024 1600 2210 2782 1272
1025 2941 2335 670 2333
1026 882 2306 1147
1027 868 2763 1330 703 1036 1219
1028 87 2698 1561 2485 2744 175
1029 1497 451 943 1170 2479 253 859 1526
1030 255
1031 1365 1796 476 1531 653
1032 587 2491 2842 1136
1033 984 1170
1034 42 574 2967 1939
1035 2491 2842
1036 1429 2877 2228 1133
1037 1565 495 2942 2185
1038 1236 494 1292 1583 400 1654
1039 2028 930 2725 70 1579 2220
1040 1397
1041 71 2293 746 54
1042 2489 601 2729
1043 1918 1345 204
1044 1307 2412 1963 1576
1045 2613 1795 2669 1952
1046 1745 25
1047 1133 1982 987 1327
1048 2366 602 911 1904 363 1032
1049 1572 320 32 431 1155
1050 1667 1416 253
1051 413
1052 2133 841
1053 2390 338 254
1054
1055 412 2230 2954 1148
1056
1057 1875 951
1058 1917 1059 2089 1618 1580 688
1059 1914 2042 587 1801 638
1060 2319 1136 2842 2608
1061 2211 2540 362 2520
1062 1016
1063 1184 549 1284
1064 961 1893 1988
1065 1970 2971
1066 1422 50 407 438 256
1067 2495 1284 2194 1510 1792
1068 806 253 501
1069 1854 2095
1070 1819 2874 1801 977 1060 1422 251
1071 384 2490
1072 479 2941 2979 234 833 1078 2630
1073 1463 2897 2030
1074 608
1075 1 2953 798 54 198
1076 1073
1077 197 1556
1078 1815
1079 1521 2609 921
1080 952
1081 1455 2513
1082 504 338 626 207
1083 1032 504 1189 2549
1084 1060 2130 2984
1085 970 2339
1086 239 782
1087
1088 2686 1016
1089 977 841 2951 833
1090 1695
1091 1738 1836 1446 2333
1092 127 2602 1607 2359 115 2407
1093 1483 2026
1094 812 1716 1433
1095 1667 582 1693
1096 2868 1235 2954
1097 1277 2314 627
1098 2933 81
1099 2141 1422 1796 2058
1100 1243 314 1775
1101 207 1662 2695 1608 1569
1102 2691 1477 2206
1103 2305 2014 2027 384 1135 2833
1104 1600 2628 965 1091 2756 733
1105 355 1671 2715 2869 1647
1106 924 1998 2142 59 52 1545
1107
1108 625 1303 425
1109 2169 1714 729 22 2483
1110 4 1020 1835 624 1294
1111
1112 24
1113 1346 2007
1114 659 2596 728 2907 2985 588
1115 2456 2282 155 2682 2067 2295 1229
1116 638 1647
1117 189 2834 278 2924
1118 713 1753
1119 542 1732 2582
1120 1805 479 2796 419 1027
1121
1122 503 2808 1502 2667 2756
1123 2662 2132 1206
1124 2559 1143
1125
1126 1642 2235 1858
1127 2221 781 1063 1841
1128 2516
1129 206 753 1463
1130 1748 2950 242 2491 670
1131 1268 2930 1940 930
1132 2850
1133 2935 583
1134 2842 896 2146
1135 1121 1905 1197 476
1136
1137 2455 2183 1856 2479 186
1138 1058 485 1502 2994 1077
1139 1200 76 1057 724
1140 1559 1591 59
1141 540 326
1142 1628 2614 363 556
1143 1468
1144 686 2129 1061 229 1606 173
1145
1146 192 1775
1147 458 812 2850 2640 977 2962 168
1148 1032 2364 981
1149 2863 1446 670
1150 2514 1671 1919
1151 963 1906 2106 1257 607
1152 2994 431 1790 1952 71 593
1153 653
1154 2602 2557 1497
1155 149 194 2124
1156 2206 1951
1157 1251 1580 2862 2074 1388
1158 2716 2143
1159 158 303
1160 2779 2730 2782 2973 828 331 14 2397
1161 653
1162 1972 2756 1369
1163 80 920
1164 1545 1982 1750
1165 2042 504 2862 2840
1166 660 1100 1571 1506 1901 2065 2181
1167 1638 1339 2038 1031
1168 19 1221 940 970
1169 1809 799
1170 19 194 859 2729
1171 1853 1685
1172 2729 601 1136 1449
1173 1021 2058 2729 2078
1174 2403 1874 1058
1175 2800
1176 524 1719 2996 2706 2335
1177 146 1788 2700 2506 1360 2855 2737
1178 426 1669 1805
1179 1661 41 2061
1180 2091 1376 2148 1866 1177 2245
1181 1674 1591 503 1726
1182 1747 2579
1183 1429 1607 2039 583 2319
1184 2597 1684 527
1185 1669 1683 1735 373 1219 2691
1186 910 2024 2141
1187 2788 1988 2030 2814
1188 2613 127 2475 2259 2021 2682
1189 2089 887 1934
1190 1122 2794 755
1191 1297 1073 2254 1041 2237
1192 2364 237 834 1464
1193 2782 2085 1323
1194 2913 2571 1075
1195 898 2488
1196 1873 1518 2814 971
1197 2467 1422 2950 1323
1198 615 785 2282
1199
1200 1128 2347 1860
1201 1605 1444 2153 2769 1018 1810 1340 2871 1112 1321
1202 1446
1203 1749 2374 357 442
1204 1988 2533 273 1268 2159 377
1205 2190 2304 1032
1206 619 1988 2188 1059
1207 1046 350 43 238 152 2400
1208 2909 2395 1662 1563 979
1209 777 202 498
1210 356 951 2973
1211
1212 2633 2997 1223 823
1213 881 797 2124
1214 733 2543 1549 1474
1215 2295 2694 1291 2511
1216 2935
1217 1323
1218
1219 587 2608
1220 167 1591 331
1221 879 833 2108 2365 1136
1222 1829 359 849 924 2135
1223 2483
1224 210 2762 1112 1294
1225 2636
1226 1056
1227 2122 148 1360 598 316
1228 654 2540
1229 168 1820 817 192 146
1230 407 1580
1231 1861 393 2198 1148
1232 2405 246
1233 221 2558 511
1234 1808
1235 2305
1236 1292
1237 113 2956 627 903 2374 2907
1238 233 2628 1738 1143
1239 577 1262 2015 2960 1455 815
1240 2360 2322
1241 723 1965 2332 234 806
1242 1573 2703 165 2830 115
1243 491 1036 741 197
1244 2716 494 1451
1245 1894 741 2582
1246 292 2842 688 2141
1247 368
1248 1370 991 1905
1249 1441 643 1999 2005
1250 2302
1251
1252
1253 895 33
1254 1409 2048
1255 745 1396 2736
1256 324 1123
1257 2842
1258 2616 2807 2273 2769 1323 2569
1259 1455 2089 2131 1013 2574
1260 1072 1752 2946 1380 2491
1261 395 1429 623
1262 107 1986 268 1622
1263 660 2828 1432 1647 2706
1264 552 813 839 2277 151 1082
1265 613 1619
1266 858 731 317 1468 1055 1199 2672
1267 2104 2706 983 2550 143 498 2866
1268 1506 1251
1269 724 2656 899 932 2860
1270 1188 1377 1237 1520 1853
1271 2558 2851 2408 37
1272 812 570 2944 1035 2012
1273 1601 1944
1274 1912 1635
1275 1342 130 2499
1276 1569 1062 1036
1277 62 270 2479 302 1230
1278 2167 2274 1308 566 665 1825
1279 2667 844 986 2050 2169
1280 307 2536 126 270 2757
1281 2944 2608
1282 543 469 487
1283 609 1211
1284 1882 261 229 766
1285
1286 2028 1792
1287 732 2773 1188
1288 352 1626 2048
1289 194 615 1834 1293
1290 1292 927 2832 210 2483
1291 363 1378 1894 1217
1292 592 2529
1293 1619 934 2268 884 117 779
1294 2449
1295 2322 416 270 376
1296 1302 1493 2108 1732 786 2574
1297 2749
1298 2990 2619 1415 2540 1502
1299 727 2706
1300 2359 445 233 1295
1301 615 529 1299 1163 2553
1302 640 114 2803
1303 2156 675 33 2412 75 157 270
1304 1917 242 2974
1305
1306 940 1085 2799
1307 1232 363
1308 249 2378 477 2326 2866 2530 1702 2641 38
1309 1755 1528 986 2163 765
1310 822
1311 175 1112 2089
1312 1765 715 2088
1313 2844 2979 2311 1576 358
1314 412 1556 2530
1315 2544
1316 879
1317
1318 2171 338 2877
1319 2225 900 2236 2779 1449
1320 1678 1149 1940 834
1321 2842 1056 1757
1322 1884 1545 2756 2777
1323 1365 1136 2842
1324 1082 2126 1059 27 2418
1325 2085 1099 2318 1130 2722
1326 2661 1466
1327 1467 2171 302
1328 833
1329 1 487 1498 1640 442 876
1330 398 1558 911 973 2595 2461 2381
1331 724 199 2862 1918 881
1332 2698
1333 1322 257 1416
1334 1754 1345
1335 87 1992 1210 2163 1854 416
1336
1337 597 2424 1247
1338 2181 1864 213
1339 682 1683 1916 1517 753
1340 1099 703
1341 2021
1342 1776 2656 1769
1343 491 2327 2166
1344 189 1889
1345 981 2092 1716
1346 2503 1719 2012
1347 2728 468 521 2552
1348
1349 2960 2237 1704
1350 1004
1351
1352 2641 1517 2341 2429
1353 1717 417 2435 1499 2640
1354 1775 27 350 2146 62
1355 2284 1405 2089
1356 2798 881
1357 356 2184 2826 2122 848 1005 1726 2898
1358 2944 128 358
1359 2007 2422 814
1360 1081 2316
1361 2322 1344 1432 2652
1362 2999 897
1363 1951 1343 1243 2999
1364 2953 2319 1130 1812
1365 2319
1366 1925 2950
1367 706
1368 1815 2158 488 325
1369 1934 1796 317 703
1370 601
1371
1372 721 1659 2442 583
1373 219
1374
1375 1328 970 1431 2933 848 1922
1376 540 1305 2160
1377 580 1603 1213
1378 1323 2967 2491 2058 2935
1379 844 2408 2347 2934 1685 897
1380 2681 1986 1149
1381 1007 79 2942 1953
1382 1035 688 2039 2319 1748
1383 674 2170 271
1384 2722 665 1369
1385 593 875 221
1386 298
1387 786
1388 1597 2347 2024 2540 859 205
1389 1585 1848 515 2001 2600 2521
1390 1318 356 112 1006
1391 1257 2079 930 2927 534 1340
1392
1393 130 618 1978 1719
1394 2992 701 2749 205 841 2425
1395 1723 2429 2513
1396 1093 1465 2594 126
1397 1429 2287
1398 1568
1399 2981 531 1841
1400 915 270 1579 767
1401 1232 841 604 854 2730
1402 960 1193 2482 2604 1230 1702
1403 2536
1404 2228
1405 2747 688
1406 1262 1402
1407 2016 72
1408 176 2902 723
1409 1378 124
1410 1443 991 1088
1411 1683 2328 2536
1412 1534
1413 1511 804 2796 2951
1414 2228 2089 451
1415 270 1775 2411 1710 2263 1861
1416 174 2130 587 440
1417 357 2721 1864 1468
1418 1746 1515 109
1419 307 1152 2401 409 609
1420 1574 1031
1421 189 2363 1994
1422 2842
1423 2124 1318 2954
1424 744
1425 2067 401
1426 1987 2877
1427 1705 618 2785
1428 1529 1142 922
1429 2869 1446 2467 1895 42
1430 1088 175
1431 1394
1432 1934 1792
1433 532 1911 2673
1434 2208 886 2864 1965 2487 290
1435 237 1000 2901
1436 833 982 878 1060 2655
1437 2374
1438 2038 214 670
1439 2724 2151 68 1770 1972
1440 2599 2318 2371 1752 2303
1441 2735 1912 1087 2007 1748
1442 237 2990 2411 1770 428 602 2988
1443 2466 2340 127
1444 1911 253
1445 778 112 2282 1827 926 1738 1987 24
1446 2319 2058 2982
1447
1448 2491 1081 625 2100 2446 988 2389 2496
1449 1600 2996
1450 1845 1919 863 1862
1451 1415 1346 2009 1757 1006 1136 208 1432
1452 2032 805 2475
1453 1456 1369 637
1454 1161 1466 186 926 1246
1455 2342 2220 2489 1112
1456 532 2710 1018
1457 1023 1923 2967 1200 972
1458 1316 2835 50 1341
1459 2933 1598 1574 988
1460 1202 1853 33 1228
1461 1677 2407 1395
1462 1988 2893 2228
1463 1060
1464 2865 24 1197
1465 1731 2608
1466 749 900 1635 841 107 2244 1449
1467 2575 1056
1468 1925 2729 1056 311 2364 670 2228 2379
1469 2333 2335 986 2327
1470 71 665 1243 1770
1471 951 1588 583
1472 1556 2116 1894 2095 2836
1473 2475 604 2772 1340 2050 1091
1474 746 587
1475 77 1863 1567 2820 885
1476 2238 2449 2141 822 533 465
1477 741 615 2141 486 2984 707
1478 2891 1094 2506
1479 2659 2152
1480 326 785 1149 875 1673
1481 2145 2188 112
1482 14 1885 2062 166
1483 2577 221 398 189
1484 1526 1922 2245 2795 581
1485 2595 2782
1486 130 2012 451 2636
1487 2800 1130 2504
1488 989 1092
1489 2319 2479
1490 2550 1821 2333
1491
1492 2763 2594 940 2685 933
1493 1987 1235
1494
1495 1008 1047 1420
1496 841
1497 69 2950 1378 1605
1498 1429 2143
1499 2491 910 615 1894 756 882
1500 2479 1915 1906 2811
1501 445
1502 2608 1365
1503 1714 207 930
1504 707 2167 40 1093
1505 709 805 690
1506 2590 926 2646 1855 1142
1507 2971 2268 2304 563
1508 290 1627
1509 1556 1494 351 996 1933 1786 113 2972 1518
1510 2771
1511 1862 2190 703 1748 651 1729
1512 643 1518 1892 2712
1513 2823
1514 2424 785 1279 2025 1734
1515 2973 2002 1904
1516 259 215 6 861 2990
1517 1594 2374
1518 1415 32
1519 1378 1982
1520 2120 1206
1521 2458 1112 597 1946 1909 176
1522 1465 1215 2981
1523 1594 102
1524 2380 1754 2375
1525 2445 1574 157
1526 1528 188
1527 1172
1528 1059 1819 2440
1529 692 112 863 2780 1446
1530 609 1419 75 781
1531 828 1378 688 2050 1099
1532 1550 2831 1377 2778 492 2595 527
1533 2950 2333 2730 2590
1534 803 143 1289 2293
1535 2553 2797 1507
1536 468 915 941
1537 2236 923
1538 2691 2662 1509
1539 1365 936 2992 1444
1540 1111 903 622 363
1541 2141 1556 266 2967
1542 4
1543 255 2469
1544 2305 1386 1177
1545 494
1546 911 1132 1864
1547 1044 353
1548 1811 1573 1543
1549 1235 1188
1550 2335 1016 2691 670 2232 2561 2039 1056 2950
1551 782 1755 551 1775 423
1552 1988 1390 2831
1553 809 1036 862
1554 2977
1555 1669 2613 1550
1556 1446 2944 583 266
1557 2503 542 325
1558 1217 741 2363
1559 446 1055 127
1560 1328 962 2516 2953
1561 2808 2490 1792
1562 1819 2028
1563 2872 854
1564 316 1100
1565 1732 1323 398
1566 2679 937 1634
1567 2 1031
1568 1131 2566 1655
1569 1894 1729
1570 2814 2730
1571 1291 1951 182
1572 52 1729 176
1573 1659 348
1574 2141 1499 1550 2048 266
1575 1011 1944 2704 2511 2875
1576 14 249 789 2095
1577 2840 2384 1825
1578 939 879 1422 1831
1579 2977 2777 2595 2135
1580
1581 2258 799 1233 767 2252 1305
1582 2790 523 1021
1583 2909 1633 651
1584 913 2420 1856
1585 592 2126 889 2166
1586 2773 187 2264
1587 1534 2940
1588 1378 1669 1840
1589 2657 533 1864 130 1101 1600 2814
1590 126
1591 2866 373 2489 2608 2171 1556
1592 2450 1671 2704
1593 1422
1594 151 2467 2491 2851
1595 556 1405 1553 1317 2946 2478 2954 2035
1596 1960 2872
1597 1784 2694 1801 1738 2125 2339
1598
1599 1572 942
1600 2142 2794
1601 2556 226
1602 1974 95
1603 2896 217 732
1604 2238 1831
1605 476 931 2024
1606 2408 457 1008
1607 1032 670
1608 834 276
1609 384 2749 2327 1483 688 317
1610 2794 396
1611 1791 1139
1612 1667 1122 910 1655 1594
1613 32 2083
1614 2474 940 1840 973
1615
1616 920 2636
1617 2574
1618 2171 2078
1619 2341 1605
1620 2011 1591 17 955 1541 2667
1621 1526 2500 1020 2990 294 45
1622 2482 1645 882 2335
1623 1938 1378 1893 486
1624 147 2049 1935
1625 1361 908
1626 2953 1819
1627
1628 491 1060 1294 1934 638 2491 1031
1629 1229 1569 1242 1203 1073
1630 2359
1631 1856 1600 2780 2575
1632 1454 2017
1633 2894 1894 2287
1634 1879 2707 2669 843 928
1635 1732 1246 2749
1636 2149 2894
1637 548 1094 1533
1638 813 1914 307 2232 1812 2996
1639 2555 2556 2206
1640 1901 561 813
1641 2041 1504 285
1642 2803 542 1561
1643 2591 795 1825 1444 1918 1219 680 2595
1644 2450 265 1689 1654
1645 494
1646 348 1955
1647 1246 363 1594 2067 1862 2794
1648 2503 1122 2444
1649 1609
1650 1144 96 2887 724
1651 1342 1272 1069
1652 527 1135 2239
1653 1225
1654 2777 668 239 959
1655 1827 338 2261
1656 2955 1488 2909 2930 1559
1657 2771
1658 109 87
1659 2522 1257 171 1735 1941 1032 2263
1660 636
1661 1726 350 820 2691 961 1420 77
1662 2238 1735 813 2729
1663 2898 50
1664 908 1476 2365 1539 2106 2763 2342
1665 2732
1666
1667 813 1018 896
1668 2278 1185 2304 2636 1302 2263 2555
1669 80 2163
1670 2592
1671 379 494 2373
1672 1070 1213 1807
1673 615 215 1330 798 338
1674 707 373
1675 2351
1676 1417 351 1807 1755
1677 37 1659
1678 2607 1468 2282
1679 1862 2305
1680 1136 2967
1681 2656 188 2371 2901 863 2744
1682 1133 1172 1416 625 2459
1683 1792 2749 1601 1111
1684 1827 776
1685 2456 1861 486
1686 2378 2098
1687 1984 1634 1140
1688 840 2445 2736 1896 1716
1689 2188 1140 396 504 208
1690
1691 1900 2780 1631 892 626 1281
1692 2400
1693 205 944 1985 2296
1694 642 1523 2709 2774 933
1695 1506 2628 863 12
1696
1697 1526 1939 2570 2019 1160
1698 1765 911 100
1699 2048 12 2619
1700 125 2014 2600
1701 426 1600 2017 1298 798 38 2021 1949
1702 1605
1703 1757 2955 2558 1008 2042 1836
1704 1219 1820 1710
1705 2008
1706
1707 598 862 1111 111
1708 81 256
1709 970 275 2859 1699 1070 556
1710 351 1951 951 2592
1711 1291 473 1622 2412 1687
1712 1494 2543 1762 1493
1713 1770 1338 2295
1714 2759 2750
1715 2232 498 1680 1731 2982
1716 1875 226 2159
1717 1103 2463 1995
1718 2582 2405
1719 1093
1720 2652 2902 715 2353
1721 2672
1722 2548
1723 2722 2379 2449
1724 727 2281
1725 368 867 499 609
1726 80 688
1727 1681 1889 1962
1728 414 1565 2026 615
1729 249
1730 2223 14 797
1731 692 2869 1035 317
1732 2954 1939
1733 2088 1757 171 2130
1734 1059 186 2642
1735 1021 2556 615 1680 2143 1731 19
1736 2491 274
1737 928 1444 2025
1738 1600 1757 2866 566 737 1243
1739 1619 2038 2210 2594 2887
1740 857 1132 1324
1741 2580 2565
1742 1455
1743 1152
1744 1543 2335 813 542
1745 1574 2234 2395
1746
1747 878 1874 1000 1486
1748 115 2729 2967 2944 587 2058
1749 2842 1756 498 690 1792 127 653 2342
1750 1029 1004 1 1437
1751 632
1752 2594 2236 429 1698 470
1753 2872 498 1321 556 2937
1754 783 622 1006 992
1755 2017 1501 1811 2722
1756 455 2694 1792 636
1757 19 1429
1758 643 2919 704
1759 47
1760 936 887
1761 1420 2229 1961 868
1762 1735 466 2014 2295
1763 467 2968
1764 1657 2560 2975 2430
1765 2749 1817 2130 214
1766 1369 2316
1767 303 1336 2737
1768 1296 529 1645 440
1769 311 944 634
1770 2767 266 756
1771 2014 1013 1613
1772 2942 1904 2296
1773 2433 748 29 321 2502
1774 19 1219 1459 17 1591
1775 1607 2130
1776 989 654 1606
1777 2181 638 1983 1416 732
1778 2824
1779 2006 455 1554 828 1874
1780 168 1988 302 2261 1099
1781 1864 1402 728
1782 1655 643 966
1783 914 1533 1253 2956
1784 882 242 1088 1060 1919
1785 1679 2560
1786 1018 1148 1591 690
1787 2550
1788 1031 1404 2137 2432 1356 1988
1789 2612
1790 253 2842
1791 1660
1792 1018 80 688 2171 373 246
1793 1409 2278 2087 2329 862
1794 690 399
1795 1468 2806 501
1796 2282
1797 1245 2244 2550 959 377 66 2716 140
1798 1859 2129 26
1799 867 1054 1541 308 2170 2358
1800 292 2351 1540 50 469 1338
1801 574 2982 2575 1775 2691
1802 2730 1898 2080
1803 1756 69 612 1855
1804 2892 1304 185
1805 1231 111 1529
1806 1142 1016
1807 1528 2392 73 2213 1211 1416 414
1808 2380 2703 886 204 488 2287
1809 212 348 399 10 2935 1137
1810 521 33 2608 746
1811 1466 1753 1938 656
1812 2318 2950 688 19 1726
1813 2533 2348 2008
1814 1034 2295
1815 526 1760 2089
1816 2595 1626 2256 1678 2378 2777 1982 1609 1603 1738 1469
1817 1497 2130 2996 2407
1818 1556 2659 737
1819 214 62 1366 1638 2146 2232 2759 2024
1820 627 2232 1622 2067
1821 1918 1546
1822 2969 2338 1550 160 2831
1823 1186 1136 110
1824 2427 1575 2289 306 326
1825 2235 286 767 494
1826 987 1281 1015 1146 2408
1827 567 434 1465
1828 1202 909 828 1502 1194 1999
1829 1561 887 1030 167 1992 130
1830 720 2822 2222
1831 1753 960 2440 189 397 32 1864 2511
1832
1833 2833 2924 292
1834 1965 72 205 112
1835 717 1601
1836 249
1837 107 1816 2504 2138 643
1838 611 843 2284 294 1522 455
1839 1084 606 1016 2237
1840 936 189 1565 1232 1446
1841
1842 2032 2013 491
1843 451 1680 638 1600
1844 115 1493
1845 951 1503 2338 1705
1846 2407 2190 311
1847 1917 212
1848 1951 542 2194
1849 73 2550 1502
1850
1851 1862 1303 1102 1118 803 2621
1852 396 1082 1073 194
1853
1854 2461 1121 1683
1855 908 2608 2577 221
1856 908 1031
1857 1248 1884
1858 1854 2529 27 898 2242 1975
1859
1860 2782 1590 2616
1861 715 1279 2962 331 1601
1862 1321 1020 1855 1149 1939
1863
1864 1217 1925 1148 1618 506 2126 894 2897
1865 2458 1117 1608 23
1866 903 812 915 1237 2158
1867 992
1868 1338 1034 2659
1869 1982 1786 2236
1870 1403 269 2228 2337 377
1871 1251
1872 2739
1873 2046 151 1705 2024 1808 339
1874 1519 1111 2024
1875
1876 2586 1503 307 1884 1367
1877 1913 2071 1411 664 2703
1878 1737
1879 2188 2348 1917 2790 892 2057 189 2850
1880 1063 909
1881 182 1884 1308 783
1882 1875 844
1883 557
1884 2312 2786 1434 2669 107
1885 2996 114 581 2008
1886 2780 1626 2025
1887 2860 907 933
1888 2479
1889 155 2864 506
1890 2826 530 1917
1891 2398 994 1378
1892 1294
1893 1197 1680 2171 2775 1136
1894 2967 2935
1895 2141 1219 1465 2058
1896 1422 1502 2347 2328
1897
1898 688 14
1899 2767 1829 349
1900 1591
1901 256 483 477 2038
1902 571 2108 2097 120 1741 1605 1024 1287
1903 1138
1904
1905 688 140
1906 610 521
1907 2433
1908 1254 1613 1538 536 1648 13 1884
1909 1638 2686 317 112
1910 910 2348 1422 617 1368
1911 2967 910 2954 214
1912 2459 824 1810 2767
1913 205 1243 2833 1121 2507
1914 292 1217 2050 828 2944 373 670
1915 647 408 2287
1916 1215 1895
1917 833
1918 254 2550 2759 157 2797 2814
1919 573 2575 2348 789 477 1378
1920 595 2848
1921 1853 1580 2322 1901 1299
1922 1719 186
1923 604
1924 2795 205
1925 491 1939 107
1926 2634 834
1927
1928 684 1827
1929 2797
1930 2516
1931 1722 1464 2422 1784
1932 894 403 1406
1933 2395
1934 1422 1591 2058 1133 2686
1935 1053 2561
1936 450 342
1937 311 1257 84
1938 1197 936 1603
1939 2491 2319 2163
1940 717 2935 1756 2373
1941 1173 115
1942 1534 2834 1399 2005
1943 1745 1607 2365 2561 2597 1838 1831
1944 2194 926 583 587
1945 1381 67 1494 1836
1946 524 1911 1775 593 107 2842 80
1947 298 460 2788
1948 440 746 2850
1949 414 1982 342 2556
1950 902 788 491 2498
1951 658 1055 529
1952 2221 2407 2954
1953 119 1495 1050
1954 1393 1302 2820
1955 2349 2878 182
1956 2690 1419
1957 2836
1958 2550 2172 2830 1681
1959 803 481 205
1960 98 35 1683 2389
1961 1011 2142 1605 602 1720 1369 1300 1885
1962 413 2931 2329
1963 1900 119 19 2046 1318 2735
1964
1965 189 640 1893 1417 175
1966 1151
1967 1207 2611 1441 1476
1968 1415 1342 1944 2279
1969 1580 398
1970 724 236 576
1971 427 1506 560 1465
1972 2944 1502
1973 2601
1974 533 2126 1819
1975 1378
1976 1714 2936 111 1296
1977 2487 1327
1978 189 2024 2146 217 1765
1979 850 675
1980 2552
1981 539 2291 2433 2189 2190 188
1982 1894 1378 2869 140
1983 2921 140
1984 2007 900 1020 1498 171
1985 2548 741 2390 1092
1986 972 1674 1502 2767 2794 896
1987 2143 936 2982
1988 584 302 2089
1989 2251 11 662 2890
1990 80
1991 1588
1992
1993 2513 675 2115 2183 1328
1994 428 1092 1996
1995 585 51
1996 1801 350 2543 1469 151
1997 240 2921
1998 428 1415 349 503
1999 188 342 862 2220
2000 1753 157 1780
2001 2087 2936 2430 1598 1461
2002 521 338 80
2003 2107 2874 1359
2004 2808 1814 2019 1181
2005 1192 2722 2863
2006 2897 1669 434 514
2007 2039 835 2078 398 1059
2008 2780 2491
2009 1735 812 2007
2010 316 2013 2265
2011 2650 38 126 816 261
2012 1294
2013 2592 1695
2014 1432 1982 440
2015 2194 2596 2874 2618 302 2203
2016 60 690
2017 498 2866 1119 607 309 987 2327
2018 2762 2785 2486 2882 401
2019 1474
2020 503 1988 508
2021 675 152 910 2814 2048 2143
2022 1947 1562
2023 204 167
2024 455 2967 1601 1563 2042 2282 2163 1183
2025 552 9 1659 1075 2028 2730
2026 2282 2729 2842
2027 363 2869 446 1506 2079 1960
2028 2896 960 1601
2029 373 1679
2030 2954 1550
2031 2508 1246 849 358 958 440 1494 458
2032
2033 2648 843 1923
2034 87
2035 1306 2418 2582 2329
2036 1029 1690 672 2387 358 2793 277
2037 1215 212 1526 525
2038 1605 1099 638 2944 1056
2039 292 1365 2228 1422 1446
2040
2041 691
2042 896
2043 1935
2044 1840 2081
2045 2146
2046 2944 2194 1735
2047 2729 375 304 712
2048 1099 542 937
2049 1140 592 1517 892 72 2786
2050 2141 583 1035 1446 2842 1323 1021 587
2051 1948 2533
2052 2138
2053 1221
2054 2219 950 2120 2978
2055 1107 1755 1905 593 2934 1145
2056 1477 1494
2057 828
2058 587 1136
2059 2798 1977 2418 2901 1330
2060 13 2040 19 1328
2061 2987 279 2501 1935
2062 2074 458 1985
2063 1792 2682 1047
2064 809 1527 688 2333
2065 1801 1715 1173
2066 2544 860
2067 2058 246 2002 2788
2068 1765
2069 1635 1486 1632 1213 196 2674 1112
2070 1604 1021
2071 2836 1550 2955 2575
2072 908 658 1426 391 1667 2146 2698 309
2073 1232 2411 1593
2074 84 2894 2102
2075 45 2362
2076 2150 504 1994
2077 1555
2078 1556 2491 1323 2556
2079 2491 2220 521 197 1294
2080 1770
2081 2329 713
2082 2260 1001 2618 887 1176 1258 362 637
2083 1394 2894 69
2084 33 2619
2085 1555 4
2086 356 943 485 468
2087 2030 1417 2646 2694 556 1905
2088 2038 498 203 514 27
2089 2773
2090 1556 2263 1060 751
2091 429 1862 2558
2092 221 1491 242 109
2093
2094 1895 1790 144
2095
2096 120 1833 292
2097 2569 2278 1390
2098 2734 1121 320 857
2099
2100
2101 509 2679
2102 1982 2869
2103 302 2275 1401 1417
2104 384 2057
2105 1872 408 934 2117 1712 2945 1032
2106 317 1044 1142 1895
2107 1294 1590 761 139 1720 2369
2108 2024 984 1988 1036
2109 998 2695 2877 2440 1811 2338 2534 259 574
2110 2206 2362 1444 140 506
2111 897 4
2112 2803 106 1319
2113 1752 2174 2671 1984
2114
2115 23 2242 1911 1965
2116 2194 1465 2067 2527
2117 1892 763
2118 1558 2091 1574 1245
2119 710 1551 1816
2120 499 1751 1710 1443 1099
2121 1840 766
2122 1911 682
2123 1439 2655
2124 2065 981 1018 431
2125 2722 2790 292 2646
2126 1855 816 813 2814
2127 2716 453 2393 2118 4 697 561
2128 2679 211 1374 2228
2129 753 2322 2098 2187
2130 2944 1607 670
2131 1992
2132 2305 1449 585 2559
2133 42 2897 1593 1149 2482 2254
2134 2468 1834 479 1193
2135 494 491 1582 1735
2136 2251 588 1215 2949
2137 2943 532
2138 2792 2143 751
2139 384 2779
2140 2545 435 2589
2141 2935 587 1136 1035
2142 226 615
2143 2962 2863 498
2144 1927 2440
2145 2481 2584 2354
2146 2608 1217 2863
2147 157 2415 2840 1045 1518 2920
2148 1663 2808 1749
2149 182
2150 2171 73 1291
2151 1426
2152 146 2834 1728 1083 521 2463
2153 2067 1905 503
2154 1409
2155 1483
2156 1187 1669 2730
2157 1764 1689 963 2190 246 325
2158 1750 632
2159 2362 20 2602 2944
2160 2702 860 2807 2327 2272 2281
2161 2341
2162 2068 1333 1764
2163 226
2164 1000 1289 2536 524
2165 188
2166 2866 2935
2167 791 809 1756 908
2168 2579 824 2628 2769
2169 1846 80
2170 715 1678 879 2896
2171 317 2141 1607
2172 2806 446 1291 1393
2173 1467 124
2174 1048 1405 577
2175 2652
2176 2891 951 2070 659
2177 1811 2962 425 1163
2178 588 629 2134 514
2179 1597 749
2180 917 617
2181 1340 1134 2141 2887
2182 756 2785 1452 2154 2667
2183 2494 1416
2184 1654 2947
2185 2418
2186 1888 2804 1572
2187 951 2449 920 194 611
2188 2479 2374
2189 1951 2529 675 2934
2190 741 615
2191 1840 2853 2767 1325 1608 2913
2192 601 2001
2193 2926 819 1159 2328 2751
2194 1941
2195 1432
2196 1374 2486 1591 950 1327 313 1740
2197 1786 2691 1259 1036
2198 2762 1060 1790 2411
2199 2090 1607 414
2200 2592 1780 356
2201 875
2202 2344 2181 2304 1286 1066
2203 2089 1662 2872 1691 727
2204 259 1972
2205 395 2599 2365 1345 1827
2206 440 2126
2207 2770 2679
2208
2209 1600
2210 2955 253
2211 799 767 1695 567 1606 1550
2212 715
2213 2045 431 1603
2214
2215 573 2749 2527 732 2316
2216 2283 992 348 2252 668 1200 2934
2217 772 2916 1901 2162 2450
2218 1537 698 2942 2080
2219 1311 690 1867 2420
2220 255 266 1382 607 1894
2221 1519 1594 1796
2222 2996 427 2952
2223 1236 741
2224 665
2225 2682 688 523 1474 1366
2226 1947
2227 1226 112 2272 1414 32 753 1927 1111
2228 1032 809 1035 2050 2146 1246
2229 1894 2716
2230 1801 1939 2166 115
2231 900 733 1321 2646 1167 1807 1590
2232 1365 140 2851 2872
2233 2287 39
2234 1997 23 951
2235
2236 2450
2237 940 2972 54 511 2084 1107 1332 1498 958
2238 2869 2206 33
2239 2368 2463 2673 578 1378
2240 1602 1057 1663 2262 1569 1742
2241 817 2933 1101
2242 818 567 668 458 2153
2243 881 2824 1151 1285 1565
2244 1243
2245 1391 2049
2246 1327 2518 2221
2247 2153 2888
2248 2098 1882 1171
2249 625 2002 17
2250 2375 1276 1659
2251 1613 2784
2252 1102 2534 14 2065 1669 321 2673 2617
2253 2213 1161 2284
2254 2456 353 84 2362
2255
2256 2802
2257 945 2533 2183 2225 1410 1874
2258 590 395 208
2259 205 1894 2007 2153 1757
2260 262
2261 1059 2691 1134
2262 951 457
2263 292 2982 828
2264 2188
2265 358 144 2565
2266 560 2919
2267 2600 2590 265
2268 2282 1036 24 1369 1091 2079 1299 1526 2773 2780
2269 176 952 2678
2270 2946 1856 2427 2568 1308
2271 214 1195 2396 1629 1991
2272 1971 1079 1121
2273 1244
2274 2619 2737 2568
2275 859
2276 1183 1150 2396 744 2845
2277 2736
2278 2287 1909
2279 710 944 2804 2920
2280 229 1030 1894 258
2281 892 887 1452 658 833 2563
2282 1365 1378 2967 2935 828 2491 1446
2283 1075 984 830 1397 2038
2284 1846
2285 766 655 179 814 158 2394
2286 2853 1130 1365 2338 981
2287 1726 1563 140 1133 1183
2288 1021 1370 400
2289 2722 2667 440
2290 257 2429 2616 2455 413 1963 1369
2291 2607 450 640 682 2722
2292 2710 1043 99 1147
2293 1050
2294 828 596
2295 1077
2296 1547 2842 2421 670 973
2297 1963 188 227 2590 1077
2298 2797 2187 849 2457 1435
2299 1779
2300 920 349 873
2301 241 1692 2306
2302 1060 29
2303 660 1339 2909 2102 2455 81
2304 1810
2305 2039 1792 384 615
2306 2973 2686 2163 350 820 2421 2295
2307 505 431 2621 1522 1373
2308 582 2015 645 686
2309 544 2724 2415
2310 2704 2901 1424 2691 1340
2311 1378 1272 2869 512
2312 998 1198 2239 1087
2313 2544 98 124 1134 943 2673 433
2314 14 1315 2732
2315 640 2027 781
2316 2962 2863
2317 92 570
2318 638 2282
2319 2842 1136
2320 2897 926 2782 1081 2977 2610
2321 1437 2045 2439
2322 350 1731 1936
2323 330 1621
2324 1382 4 2017
2325 1917 2574 721 2179
2326 1469 608 789 2775
2327 1136 2282
2328 2979 2780 2808 1911
2329 2628 2734 1669 924
2330 2704 2735 2046
2331
2332 2775 2434
2333 2058 2944
2334 2988 2722 1858 2407
2335 2950 1607
2336
2337 1894 1292 482 970
2338 1021 2425 498
2339 2130
2340 22 691 649 1499
2341 726 944 1311
2342 466 2021 1243 1077 592 2553 2287
2343 2199 963 959 2892
2344 1629 317
2345 679 1291 1626 2014 820 1130
2346 1908 1895 1241 2570
2347 1059 1939
2348 1812 440 1669
2349 2834 1987 651
2350 2171 1677 584 2017 412
2351
2352 2133 1504 367
2353 1914 2602
2354
2355 1619 2071 979
2356
2357 2885 38 2839
2358 209 1152 1815 1760 1201
2359 2163 1136 476
2360 2878 1628 496 1581
2361 1717 1133 380 726
2362 828 1021 2613 1215 1328 1680
2363 2425 107
2364 266 1757
2365 2967 608 2232 84 863 117
2366 329 2488
2367 165 424
2368 1492 284 1294 820 1707
2369 1201 1597 2316 2675
2370 1885 1590 1788
2371 106 2952 407
2372 2145 1600 443 584
2373 1173 1541 2282 653 2141
2374 2389 2897 266
2375 1467 1982 1952
2376 2527 2512 586 582 25
2377 2883 2940
2378 2431 2797 257
2379 2897 307 1432 2405 1497 1941
2380 2577 2685 1659 2429 307 29
2381 626 1294 1449 2110
2382 59 2892 2879 2417 2227 1283 673
2383 1485 692
2384 2349 2972 2418
2385 1182 1745
2386 2979 442 2508 1875 733
2387 2794 1401
2388 2106 1892 2421 17 2340 858 809
2389 2373
2390 936 1364 102 1119
2391 1753 2642 23 1546
2392 1327 2042
2393 2588 2364
2394 1947 1971 51 379
2395 1588 1986 2833
2396 1167 1946 2554
2397 887 1565
2398 1655 2190 443 1619
2399 1190 52 229
2400 2871 152
2401 933 2026 1343
2402 1916 1679 303
2403 421 841
2404 663 2697
2405 1217 1446
2406 2312 2500
2407 2614 189 2348 2141 373
2408 2722 4 217 2220
2409 2055 2608
2410 18 2985 149
2411 2552 701 396
2412 1975 2775 2143 937
2413 636
2414 358 603 1444 193 2313 20 1212 1829
2415 451
2416 690 2758 987 1006 366 1655 1146 2814 756
2417 2695 431 619 477 2327
2418
2419 2221 2876 2611
2420 665 1414
2421 278 2729 1607 2575
2422 2694 2457 2897 1925 1729 1136
2423 2604 516 2765 350
2424 2808 2553
2425 653 221
2426 34 803 662
2427
2428 1513 2085 2979
2429 1018
2430 1213 2614 1592
2431 1766
2432 960 1679 1941 2286 2894
2433 2956 6
2434 2954 2149 2342
2435 1511 822 2944 2321 2117 541
2436 1154 1228
2437 2322 421 59 1541
2438 2522 888 73 2283 131
2439
2440 2767 1856 1836
2441 1760 637 1007 612 2704
2442 1949 2412 562 969
2443 2925 1792 1036 501 1980 205 2730
2444 631 2051 1770
2445 198 429 2362 2996 1498
2446 1324 2032
2447 1856 54 1818 1303
2448 1004 1230 1679 2967 617 2789
2449
2450 1901 682 1020 2065
2451 1268 633 2882 1589 653 1147
2452 736 1191 1254 1609
2453 80 2840
2454 2338 2024 1612
2455 2390 1792
2456 2897 317
2457 2359 255 854
2458 651 197
2459 951 2863 2730
2460 1421 1964 839
2461 2489
2462 184 1073 989 875 1305 1288
2463 1176 1607 1790 2549
2464 2045 2902
2465 1791 2375 2191 2289
2466 1517 809
2467 828 809
2468 1585 2634 2146 1332 2324
2469 1657 2759
2470 1438 358 574
2471 871 1663
2472 593 457 1032 1565 1563
2473 419 1873 2539 761 1715 2429 2355
2474 940 2931
2475 2720 450 805 2762 1862 653 2282
2476 2356 1195
2477 753 2608 246
2478 1608 1213
2479 2012 1519
2480 852 2058 710 575
2481 1796 1279
2482 494
2483 1669 42 647
2484 2729 728 1211 204 421
2485 1455 1106
2486 188 608 2110
2487 307 2039 910
2488 1933 2884
2489 2962 2467 1894 2869 1060
2490 688 2851 833 1855 1757 2021
2491 2058 2729 2319
2492 1687 1233 2393 2000 1500
2493 804 1108 1388 368
2494 2552 1955 1573 1657
2495 1118 1366
2496 879 2529 1601 2833
2497 798 2429 92
2498 1422
2499 489 340 946
2500 2958 2805 2007 60 1567
2501 574 2456 311
2502 125 1155 746 635 1219 1140
2503 1734 2780 1056
2504 1556 1631 2842
2505 1503 233
2506 2435 2834 1121
2507 1519 1728 749 1591 1977
2508 1680 882 665 2588 2032
2509 2431 569 2135 829 222
2510 2317 1240
2511 2522 140
2512 1985 2008 1476
2513 805 317 118 2364 1172 72
2514 1539 1390 710 2550
2515 2802 2851 2412 2744 1321
2516 111 24
2517 2071 670 1827 1327 1456 156 2468 537 312
2518 21 9 1666 2317 651
2519
2520 33 476 1812
2521 2153 1906
2522 2575 1618 1056 2722
2523 2749 2589 1925 1257 1531
2524 1919 1918
2525 17 793 2602 2120 1768
2526
2527 1217
2528 784 1542 1031 2137
2529 1365 2206 2316
2530 398 183 2048
2531 1590 813 1336 2896 150
2532 431 2836 1984
2533 601 981 1659 226
2534 891 875
2535 2412 119 844
2536 1008 321 1122
2537 421 331 252 1572 2544 2850
2538 2875 2206 2776 2093
2539 589 952 1562 1459 551
2540 2887 2962
2541 2332 2051 2751 2660
2542 2606
2543 115 1499 908
2544 1160 2141
2545 317 2968 189 1946 2795
2546 1936 195 1016 2873
2547 1774 1453 937
2548 814 562
2549 2667 1780
2550 2338 152 338
2551 822 1717
2552 556 338 2973 1339 2232
2553 987 799 2853 1729 311
2554 1561 2608 1382 117
2555 631 988 2220 130
2556 1136 670 1021 828
2557 2243 2155
2558 1618 1563
2559 1497 2979
2560 1036 1032 816
2561 2333 574 1032 1365
2562 2429
2563 2749
2564 1810 319
2565 500
2566 246 2984 2706 2348
2567 2001 667 71 916 2196
2568 2694 1422 405
2569 2737
2570 542 2489 1217
2571 1659 1840 820 1812 1574 1464 491 2437 2467 1140 2421
2572 1605 1955
2573 806 1752 804
2574 1990 2031 701 1186
2575 2405 226
2576 2610 987 2665 2612
2577 587 1601 266 1032 2050 1323
2578 1645 756 1103 2401 1343
2579 167 204 1517 1801 2200
2580 20 1085
2581 363 1566 1086 2335 49
2582 246 1099 42 1465 226
2583 2702 2827
2584 1626
2585 2504 310
2586 533 167 2395 1059 307
2587 1438 2428 2498 1844
2588 256 1077 2561 80 2026
2589 1836 1775
2590 2333 1219 670
2591 1934
2592 1735 421 1914 931 188
2593 2614 1284 216 946
2594
2595 937 1462 38 715 1729 1304
2596 2982
2597 1683 2483 253 2628 834 2851 2338
2598 2755 1373 2605 433 16
2599 2429 284 1909 1429 1756 314 1147
2600 2592 2554
2601 401 603
2602 1468 1365 715 535
2603 1143 2921
2604 2982 2305
2605 88 309 1811 891 1735 1409 1030
2606 2362 602
2607 986 414 2762 1517
2608 1556 688 1378 1136
2609 1987 2038 2814 255 2608 2411
2610 732 2972 2467 255 1817 1916
2611 2138 385 2929 1654
2612 2935 2561 292 933
2613 1006 398
2614 1757 466
2615 1616 952 1790 1891 1997
2616 1093 926
2617 1142 84 931 2466 2782
2618 1317 2629 990
2619 2667
2620 2821
2621 20 848 1340
2622 2998
2623 1388 184 1011 465 2529 2150 2291
2624 2442
2625 168 2917 2520 184
2626 258 1659 2747 2710
2627 1718 1828 2842 2772
2628 1188 592
2629 66 2328 1466
2630 627 257 2652 520
2631 198 665 1972 1712
2632 593 396
2633 1050
2634 713 654
2635 1444 1964 1215
2636 253
2637 2805 780 1703
2638 508
2639 2564 1236 939
2640 2723 2511
2641
2642 1378 1323 2887 789
2643 976 2767 634
2644 1542 329 1405 975
2645 59 503 2224 2935
2646 2944 37 1770 2973
2647 1041 2722 1937
2648 623
2649 2496 1601 1337 2432
2650 2440 1810 2955 2944 2927 2992
2651 1394 1303 1170
2652 407 405 20 356
2653
2654 531 1245 1018
2655 2682 1553
2656 1519
2657 2429 2328
2658 2499
2659 2278 1243 2967 2693
2660 1987 378 1452
2661 168
2662 1984 1766 1933 1900 1562 1988 189
2663 859 969
2664 2083
2665 204 1768 1948 255 2143
2666 1379
2667 1900 1502 1145
2668 47 1030
2669 2009 1390 2672
2670
2671 1269 2020 2688 895 2466 969 2915
2672 2333 115
2673 767 897 2863 1152
2674 892 101 1972 1205
2675 1118 2349 1474 298
2676 2936 2169 2779 2126 1685 1856 464
2677 2268 603 2067
2678 832 681 2223 575 2629 1502
2679 2487 363 828
2680 150 2753 457 2569 1151
2681 2704 17 253 156 1642
2682 2667 2418 2487
2683 1094
2684 2731 844 2632
2685 2057 1827
2686 828 2319 2577 498
2687 687 2206
2688 519 2387 274 455 1047 400
2689 1680 214
2690 149 2973 881 2600
2691
2692 1860
2693 1189 2977 827
2694 583 2866 1035 384
2695 833 1465
2696 753 254 2040
2697 1784 205 259 2198
2698 2491 623 17
2699 248 2198
2700 917 377 2390 1855 2962 1467
2701 922 1699
2702 2116 59 783
2703 1148
2704 2397 1466 767 1607
2705 2236 2842 2496
2706 256 1059
2707 107 476 151
2708 1378
2709 2455 2785
2710 814 1477 398 1840
2711 472 1429 2415 613 2093 371
2712 2483 668
2713 717 1297
2714 681 2410 576 2862 941
2715 893 2720 2002 2697 2067
2716 1531 2608 2794 2575 1036
2717 1163 1805 1429 2376 360 332
2718 2763 1454 2139 1607 2553
2719 2554 2420 2700 1144
2720 2002 1422 2527 2045 1894 2318 1446
2721 707
2722 1550 1034 1321 226
2723 623 12 382 396 2604
2724 663 168 2793 1992
2725 1432 2588 1393 1104 923
2726 2125 2144 2389 2665 1208
2727 355 2303 603 1663 2850 209
2728 1338 961 2910 674 2173 1867 1165 1952
2729 1365 2058
2730 1384 2977 2767
2731 78 934 732 2106 593
2732 1023
2733 1156 2298 564 1822 1310 657
2734 2230 1023 862 113 1462 1911 1601 1904
2735 2014 1498 504
2736 2797 1232
2737 226 2780
2738 1594 2431 2623 1869
2739 1417 1103 2418
2740 87 2237 2445 338 1402
2741 2799 2828 1547 2410 159
2742 384
2743 1194 779 297
2744 278 1145 910 779 2445 114
2745 1332 1195 252 710 116 2235
2746 632 2375 1645 2514 1864
2747 2652 1992 1023 2058
2748 1268 215 1257
2749
2750 2293 2779 348 1181 1699
2751 2371 156 2641 2256
2752 2436 609 2570
2753 1147 1536 2931 1855 1687 450
2754 1631 1972 1493 1905 990 1281
2755 1493 2897 1856
2756 20 983
2757 1555 1710 192 1714 1705 114
2758 2021 2922 2085 2094
2759 182 69 1365
2760 1982 1332 12 2055
2761 930 981 292 1710
2762 583 1748 2935
2763 2188 986
2764 2288 1807 305
2765 2706 2508 1028
2766 520
2767 2556 926 2467 2588 566
2768 1790 2780 294 466 1107 1766
2769 1719 2318 491 1556
2770 1365 1573 2363
2771 1119 2694 226 2287 1757
2772 2038
2773 850 205
2774 2572 1585 1142 929
2775 1680 2511 542 2389
2776 2139 2354 1683 789
2777 570 2984
2778 507 651 1176 2395 182 2450
2779 1320 943 318 2824
2780 2228 412 242 22
2781 668 2156 337 2456
2782 2594 2232 2612
2783 708 954 2624 2274
2784 2924
2785 1519 457 1855
2786 254 2561 2508 1369
2787 1039 1062 2276
2788 2002 42 140 615 2556
2789 1106
2790 2533 1796 1502
2791 2304
2792 2769 2513
2793 47 2592 973 23 1918 1213 2172
2794 1531
2795 2073 2291 1987 1173 2953
2796
2797 988 2159 217
2798 2964 2348
2799 2566 805 2267 1083 2979 84
2800 1141 1726 1944 175 2596
2801 1308
2802 2338 2425 863
2803 521 450 2560 2318 2575
2804 668 863 1183 1034 29 10 2693
2805 1817 2456 2149
2806 325 2347
2807 2599 2235 647 2786 951 2960 1056
2808 2749 1836 1987 1246
2809 2332 2641 2111
2810 2007 1821 1742 2172 2780
2811 1140 1189 1106
2812 2502 1435 191 619
2813 175 2609 2003
2814 2078
2815 849 1321 1541
2816 2063 2892 308 769
2817 1776 951 1953 2255 705
2818 899 685 1264
2819 879 2212 1314 2278
2820 2293 2893 1354 483
2821 1032
2822 1369 737 22 1474 586 2126
2823 2977 2198 854 2286 1155 1612
2824 242 2869
2825 111 1679 2712
2826 1341 817 276 2765
2827 524 1176 359
2828 22 255 1900 1946
2829 827 1052 1875 1882
2830 2318 2289 1874 2051
2831 1498 19 2328 1013 2507 2220 1004
2832 821 1943 2302 2706
2833 1819 1060 587
2834 833 1130 2996 746 2869
2835 2016
2836 2896 2543 943
2837 2698 991 1499
2838 1193 35 1708
2839 1354
2840 271 2359 983 2331 958 2242
2841 298 2503 2736
2842 587
2843 1792 2731 343 2094 2328 1952 1692
2844 702 2626
2845 530 2550 1607 917
2846 2780 2878 2246
2847 2404 2475 1040
2848 2785 2025 875
2849 2238 657 2529
2850 1246 1726 1731 1062
2851 2282 1775 2143 1133 936
2852
2853 670 2877 1569
2854 2526 1435 197 575 2917 1639 2490
2855
2856 2632 954 2230 1068
2857 884 1903 2979
2858 1111 960 2825 858 2376 1541
2859 2544 1209 1038
2860 2392 148 1749
2861 1084 1856 434
2862 1517 2830 29 255 926 2125
2863 2944 1217 1323 1796
2864 22 1035 1988 2763 2973 1332
2865 2335 1246 1502
2866
2867 1072 2641 2864 2962
2868 1150 1575 1193
2869 2686 1446 2863 2935 266
2870 2470 402 2205 910 895
2871 2286 357 1784 712
2872 1801
2873 876 912 1766 1834
2874 2030 1343 2287
2875 2640 1359
2876 2359 2513 278 1576
2877 1246 2851 2143 1801 1894 1378 1219
2878 2635 2333
2879
2880 1337 2543 2608 19 550 2374
2881 1059 866
2882 2555 1378 1775
2883 1015 2613 2348 1941
2884 2823 2455 391 1294 2599 523 1678
2885 2993 1299 1021
2886 1576 298
2887 1432 756
2888 2353 2320
2889 303 302
2890 2527 685
2891 115 303 1766 1770
2892 560 1979 1939 412
2893 586 476 2282 124 1468 2110 2759 1119 1556 1382 2737
2894 2210 1934 933
2895 2423 176 1099
2896 317 746 151 587
2897 226 707 2467
2898 2565 1597 1553
2899 2254 1386
2900 909
2901 2042 1497 910 1792 823 1173 749
2902 689
2903 635 2600
2904 1738 2423 107 819
2905 230 2095 70 2294 285
2906 1037 2949
2907 2435 1598 1215 1370
2908 1295 973 1050 1192 1736
2909
2910 514 1150
2911 1201 2844 1911
2912 2439
2913 114 1655 2198 137 859 1723
2914 927 298 2049 949 166
2915 1146 2138 1088 2432 1181
2916 2532 379 472 923
2917 2922
2918 1388
2919 987 125 224 1349
2920 2516 567
2921 2142 19 1006 440
2922 1044 440 1230 1533
2923 1667 1623 631 650 2517
2924 751 2491 107 12 2851
2925 340 996
2926 489 1524
2927 2238 1827
2928 2165
2929 2725 2693 137 775 1296
2930 2822 1517
2931
2932 412 2869
2933 2861 75 2508 1197 2642
2934 1951 2405 189 1317
2935 1365 587 2058
2936 1924
2937 2872 292 1444
2938 919 2165 1569 514
2939 1057 2216 1553
2940 1213 1236
2941 2263 2955 862
2942 1340 2305
2943 107 573 254 1635
2944 2967
2945 2289 1354
2946 2468 891 2347 1217 1788 1419 2326 530
2947 1929 1279 2422 10
2948 2517 2630 1959 2106 2097 2165
2949 2265 228 1622 1674 1537
2950 833 2962 638 936 2078
2951 1058 393 276 397 2788 2450
2952 2552 2159 753 690
2953 1563 1569 2590 1062 2543
2954 2935 2967
2955 255 2921 529
2956 2342 2642
2957 437 1890 1684
2958 2784 2702 1184 429 2074 1077
2959 1844 626
2960 2577 270
2961 566 332 934
2962 2319 2954 670
2963 1402 1435 657 1762 151
2964 457 717
2965 188 328 951
2966 782 1983 2171 1633
2967 2058
2968 2974 151 535 744 2977 335 1555
2969 2214 550 763 39
2970 2988
2971 766
2972 1562 2508 1946
2973
2974 342
2975 349 2267 51 727 834 2260 385 732 2461
2976 1388 2456 6
2977 2362 646 570 813 2244 2950 151 2824 2232
2978 2765 1974 1466
2979 2977
2980 1941 805 2468 2614
2981 2014 1748 2318 1112
2982 2141 2491 2935 2058 1035
2983 2716
2984 756 1563 2935
2985 2894 2772 1187 631
2986 1628 2691 2278 808
2987 1755 2117
2988 1232 2850 2032
2989 2412 1617 2306 167 1645
2990 2897 1145 2141 988 678
2991 1077 2935
2992 1964 306 197 1449
2993 345 2000 1683 14 2780 2773 879 897 751 2009 863
2994 799 1812
2995 1821 802 2083
2996 1056 908
2997 184
2998 574 2218 2914
2999 1062 1477 2467 824
3000 3 5 7 28 30 44 48 53 56 57 58 61 63 64 65 74 82 85 86 89 90 91 93 94 97 103 104 105 108 123 129 132 133 134 136 141 142 145 153 154 161 162 163 169 170 177 178 180 181 200 218 220 223 225 231 232 235 243 244 247 250 264 267 272 283 287 288 291 293 295 296 299 300 301 315 322 323 333 334 336 341 344 346 347 361 370 372 374 381 383 386 390 392 394 404 406 410 415 420 422 430 432 439 444 447 448 449 454 459 461 462 471 474 475 478 480 484 490 497 502 510 518 522 528 545 546 553 554 555 559 565 579 594 599 600 621 628 630 641 661 666 669 676 683 693 694 695 696 699 714 716 718 719 722 725 730 734 740 742 743 752 754 757 759 764 770 771 773 774 787 790 792 796 800 807 810 811 825 826 831 836 837 842 845 846 847 853 856 869 870 874 877 890 901 904 905 918 925 938 947 948 953 964 967 968 974 980 993 997 1002 1003 1010 1012 1022 1026 1033 1049 1051 1065 1067 1074 1076 1080 1090 1095 1096 1097 1105 1114 1115 1116 1120 1124 1126 1129 1157 1158 1162 1164 1168 1169 1174 1175 1178 1179 1180 1196 1214 1216 1218 1220 1224 1227 1234 1249 1250 1255 1256 1261 1265 1266 1274 1275 1278 1280 1282 1290 1301 1309 1312 1313 1326 1329 1334 1348 1350 1352 1355 1357 1358 1363 1371 1372 1383 1385 1387 1389 1392 1400 1408 1413 1418 1423 1425 1427 1428 1440 1447 1448 1450 1457 1458 1460 1471 1473 1478 1479 1480 1481 1482 1484 1490 1496 1505 1508 1512 1514 1516 1530 1532 1535 1544 1552 1557 1560 1564 1577 1584 1586 1587 1595 1599 1610 1611 1614 1615 1620 1625 1630 1636 1637 1643 1644 1646 1649 1650 1651 1652 1653 1656 1658 1664 1665 1668 1670 1675 1676 1686 1688 1694 1697 1700 1701 1706 1709 1721 1724 1725 1727 1730 1733 1739 1759 1761 1763 1767 1771 1772 1773 1777 1778 1781 1782 1794 1797 1798 1800 1802 1803 1804 1806 1813 1826 1830 1832 1837 1842 1843 1850 1851 1852 1857 1870 1876 1877 1878 1880 1881 1883 1886 1887 1899 1902 1907 1920 1921 1926 1928 1930 1931 1932 1942 1945 1950 1954 1956 1957 1966 1967 1968 1969 1981 1989 1993 2010 2018 2022 2029 2033 2034 2036 2037 2043 2044 2047 2054 2056 2059 2060 2064 2069 2072 2075 2076 2077 2086 2096 2099 2101 2103 2105 2113 2119 2123 2127 2128 2136 2140 2147 2157 2161 2164 2168 2175 2176 2177 2178 2192 2193 2195 2202 2204 2207 2209 2217 2226 2233 2240 2247 2248 2249 2250 2253 2257 2269 2270 2271 2285 2292 2297 2299 2308 2309 2310 2315 2323 2325 2336 2343 2345 2346 2352 2357 2361 2367 2370 2372 2377 2382 2383 2385 2388 2399 2406 2409 2413 2414 2416 2426 2438 2441 2443 2448 2451 2452 2454 2460 2462 2465 2473 2476 2477 2480 2492 2493 2505 2509 2510 2524 2528 2531 2535 2537 2538 2541 2542 2546 2547 2551 2562 2567 2573 2576 2581 2583 2593 2598 2603 2615 2622 2625 2627 2631 2638 2643 2645 2649 2653 2654 2658 2663 2664 2666 2670 2676 2680 2683 2692 2696 2699 2701 2705 2711 2714 2717 2718 2719 2726 2727 2733 2738 2740 2741 2742 2743 2745 2746 2748 2752 2760 2761 2764 2766 2768 2781 2783 2787 2791 2801 2809 2812 2813 2815 2816 2817 2819 2829 2838 2841 2843 2846 2852 2854 2857 2858 2867 2870 2880 2881 2889 2895 2899 2900 2904 2905 2906 2911 2912 2928 2932 2938 2939 2948 2957 2961 2963 2965 2966 2970 2976 2980 2986 2995
